2
1 0
2 6561
216
881 1
1313 1
1817 1
1829 1
1833 1
2345 1
2777 1
3554 1
3560 1
3749 1
3801 1
5249 1
5498 1
6185 1
6200 1
6721 1
7153 1
7928 1
8125 1
8161 1
8173 1
8325 1
8378 1
8390 1
8394 1
8412 1
8416 1
8422 1
8433 1
8435 1
8439 1
8462 1
8487 1
8593 1
8641 1
9224 1
9392 1
9394 1
9485 1
9497 1
9501 1
9533 1
9537 1
9539 1
9549 1
9551 1
9555 1
9641 1
9645 1
9647 1
9657 1
9659 1
9663 1
9693 1
9695 1
9699 1
9710 1
9711 1
9718 1
9944 1
9956 1
9960 1
9965 1
9969 1
9971 1
9981 1
9983 1
9987 1
10017 1
10019 1
10023 1
10034 1
10035 1
10042 1
10106 1
10118 1
10122 1
10125 1
10127 1
10131 1
10142 1
10143 1
10150 1
10160 1
10172 1
10176 1
10310 1
10312 1
10362 1
10366 1
10622 1
10626 1
10628 1
10674 1
10680 1
10778 1
10780 1
10796 1
10798 1
10823 1
10825 1
10830 1
10834 1
10848 1
10895 0
10897 0
10898 0
11041 1
11089 1
11247 1
11294 1
11306 1
11310 1
11324 1
11332 1
11349 1
11403 1
11408 1
11521 1
11762 1
11770 1
11810 1
11816 1
11818 1
11824 1
11924 1
11972 1
11978 1
12059 1
12067 1
12080 1
12134 1
12146 0
12242 1
12248 1
12256 1
12275 1
12283 1
12294 1
12296 1
12300 1
12304 1
12308 0
12358 1
12362 0
12529 1
12699 1
12734 1
12746 1
12750 1
12752 1
12762 1
12764 1
12768 1
12778 1
12780 1
12786 1
12790 1
12807 1
12812 1
12836 1
12864 1
12961 1
13004 0
13010 0
13024 1
13054 1
13082 0
13481 1
13493 1
13497 1
13949 1
14246 1
14433 1
14481 1
14937 1
14948 1
14956 1
15413 1
15465 1
15710 1
16190 1
16196 1
16252 1
16522 0
16622 1
16670 1
16674 1
16905 1
16924 1
17126 1
17138 1
17142 1
17166 1
17170 0
17242 0
17337 1
17348 1
17366 1
17378 0
17392 1
17400 1
17404 0
17458 0
17865 1
17872 1
18369 1
18584 1
18596 1
18600 1
18614 1
18618 1
18626 0
18628 0
18706 0
18801 1
1881
0 0 13203
0 1 10935
0 2 1539
0 3 7047
0 4 6723
0 5 783
0 6 99
0 7 2193
0 8 83
83 0 15392
83 1 11018
83 2 1568
83 3 7130
83 4 83
83 5 866
83 6 104
83 7 98
83 8 83
98 0 13949
98 1 11033
98 2 1583
98 3 1313
98 4 98
98 5 881
98 6 98
98 7 98
98 8 98
99 0 13464
99 1 11034
99 2 3744
99 3 7146
99 4 99
99 5 2340
99 6 99
99 7 106
99 8 104
104 0 15413
104 1 11039
104 2 3749
104 3 2777
104 4 104
104 5 2345
104 6 104
104 7 104
104 8 104
106 0 13471
106 1 11041
106 2 8125
106 3 7153
106 4 106
106 5 6721
106 6 106
106 7 106
106 8 106
783 0 14148
783 1 5400
783 2 783
783 3 1350
783 4 1188
783 5 783
783 6 7362
783 7 7350
783 8 7346
866 0 16175
866 1 5249
866 2 866
866 3 7913
866 4 866
866 5 866
866 6 887
866 7 881
866 8 866
887 0 16196
887 1 11822
887 2 887
887 3 3560
887 4 887
887 5 887
887 6 887
887 7 887
887 8 887
1188 0 14311
1188 1 5565
1188 2 1188
1188 3 1188
1188 4 1188
1188 5 1188
1188 6 7767
1188 7 3381
1188 8 7751
1350 0 14481
1350 1 12285
1350 2 1350
1350 3 1350
1350 4 1350
1350 5 1350
1350 6 7929
1350 7 7917
1350 8 7913
1539 0 16848
1539 1 12474
1539 2 1539
1539 3 8586
1539 4 1539
1539 5 1594
1539 6 3744
1539 7 1788
1539 8 1568
1568 0 16877
1568 1 6185
1568 2 1568
1568 3 8615
1568 4 1568
1568 5 1568
1568 6 1829
1568 7 1817
1568 8 1568
1583 0 14948
1583 1 6200
1583 2 1583
1583 3 8630
1583 4 1583
1583 5 1583
1583 6 1583
1583 7 1583
1583 8 1583
1594 0 16903
1594 1 12529
1594 2 1594
1594 3 8641
1594 4 1594
1594 5 1594
1594 6 8173
1594 7 8161
1594 8 1594
1788 0 14937
1788 1 12723
1788 2 1788
1788 3 1788
1788 4 1788
1788 5 1843
1788 6 1833
1788 7 1788
1788 8 1817
1843 0 17152
1843 1 12778
1843 2 1843
1843 3 1843
1843 4 1843
1843 5 1843
1843 6 8422
1843 7 1843
1843 8 1843
2193 0 15324
2193 1 2193
2193 2 3660
2193 3 2688
2193 4 8916
2193 5 2256
2193 6 2212
2193 7 2193
2193 8 2204
2204 0 15407
2204 1 2204
2204 2 3689
2204 3 3419
2204 4 8927
2204 5 2987
2204 6 2204
2204 7 2204
2204 8 2204
2212 0 15577
2212 1 2212
2212 2 3751
2212 3 9259
2212 4 3103
2212 5 8827
2212 6 2212
2212 7 2212
2212 8 2212
2256 0 15459
2256 1 2256
2256 2 3715
2256 3 2823
2256 4 2661
2256 5 2256
2256 6 2256
2256 7 2256
2256 8 2987
2340 0 15465
2340 1 2340
2340 2 3801
2340 3 9387
2340 4 2340
2340 5 2340
2340 6 2340
2340 7 2347
2340 8 2345
2347 0 15712
2347 1 2347
2347 2 10366
2347 3 9394
2347 4 2347
2347 5 2347
2347 6 2347
2347 7 2347
2347 8 2347
2661 0 15784
2661 1 2661
2661 2 10680
2661 3 2661
2661 4 2661
2661 5 2661
2661 6 2661
2661 7 2661
2661 8 9224
2688 0 15891
2688 1 2688
2688 2 4227
2688 3 2688
2688 4 2877
2688 5 2823
2688 6 2688
2688 7 2688
2688 8 3419
2823 0 16674
2823 1 2823
2823 2 4282
2823 3 2823
2823 4 2823
2823 5 2823
2823 6 2823
2823 7 2823
2823 8 3554
2877 0 16000
2877 1 2877
2877 2 10896
2877 3 2877
2877 4 2877
2877 5 2877
2877 6 2877
2877 7 2877
2877 8 9440
2987 0 16190
2987 1 2987
2987 2 2987
2987 3 10034
2987 4 9710
2987 5 2987
2987 6 2987
2987 7 2987
2987 8 2987
3103 0 16252
3103 1 3103
3103 2 3103
3103 3 10150
3103 4 3103
3103 5 9718
3103 6 3103
3103 7 3103
3103 8 3103
3381 0 16504
3381 1 3381
3381 2 3381
3381 3 3381
3381 4 3381
3381 5 3381
3381 6 9960
3381 7 3381
3381 8 9944
3419 0 16622
3419 1 3419
3419 2 3419
3419 3 3419
3419 4 10142
3419 5 10034
3419 6 3419
3419 7 3419
3419 8 3419
3660 0 16863
3660 1 3660
3660 2 3660
3660 3 4227
3660 4 10383
3660 5 3715
3660 6 3660
3660 7 3660
3660 8 3689
3689 0 16892
3689 1 3689
3689 2 3689
3689 3 10736
3689 4 10412
3689 5 3689
3689 6 3689
3689 7 3689
3689 8 3689
3715 0 17080
3715 1 3715
3715 2 3715
3715 3 4282
3715 4 4120
3715 5 3715
3715 6 3715
3715 7 3715
3715 8 3715
3744 0 17109
3744 1 3744
3744 2 3744
3744 3 10791
3744 4 3744
3744 5 3801
3744 6 3744
3744 7 3751
3744 8 3749
3751 0 17116
3751 1 3751
3751 2 3751
3751 3 10798
3751 4 3751
3751 5 10366
3751 6 3751
3751 7 3751
3751 8 3751
4120 0 17242
4120 1 4120
4120 2 4120
4120 3 4120
4120 4 4120
4120 5 4120
4120 6 4120
4120 7 4120
4120 8 4120
4227 0 17376
4227 1 4227
4227 2 4227
4227 3 4227
4227 4 4227
4227 5 4282
4227 6 4227
4227 7 4227
4227 8 4256
4256 0 17378
4256 1 4256
4256 2 4256
4256 3 4256
4256 4 4256
4256 5 4256
4256 6 4256
4256 7 4256
4256 8 4256
4282 0 17404
4282 1 4282
4282 2 4282
4282 3 4282
4282 4 4282
4282 5 4282
4282 6 4282
4282 7 4282
4282 8 4282
5400 0 18603
5400 1 5400
5400 2 5400
5400 3 5400
5400 4 5565
5400 5 5400
5400 6 5499
5400 7 5487
5400 8 5411
5411 0 18614
5411 1 5411
5411 2 5411
5411 3 5411
5411 4 12134
5411 5 5411
5411 6 5411
5411 7 11978
5411 8 5411
5487 0 18618
5487 1 5487
5487 2 5487
5487 3 5487
5487 4 5487
5487 5 5487
5487 6 5506
5487 7 5487
5487 8 5498
5499 0 18624
5499 1 5499
5499 2 5499
5499 3 5499
5499 4 5499
5499 5 5499
5499 6 5499
5499 7 5506
5499 8 5504
5504 0 18626
5504 1 5504
5504 2 5504
5504 3 5504
5504 4 5504
5504 5 5504
5504 6 5504
5504 7 5504
5504 8 5504
5506 0 18628
5506 1 5506
5506 2 5506
5506 3 5506
5506 4 5506
5506 5 5506
5506 6 5506
5506 7 5506
5506 8 5506
5565 0 18688
5565 1 5565
5565 2 5565
5565 3 5565
5565 4 5565
5565 5 5565
5565 6 12144
5565 7 5565
5565 8 12128
6561 0 6561
6561 1 11178
6561 2 8262
6561 3 9234
6561 4 8910
6561 5 7344
6561 6 8766
6561 7 7296
6561 8 7292
6723 0 6723
6723 1 11100
6723 2 8190
6723 3 7236
6723 4 6723
6723 5 7020
6723 6 7470
6723 7 8916
6723 8 7454
7020 0 7020
7020 1 11403
7020 2 8487
7020 3 7020
7020 4 7020
7020 5 7020
7020 6 7767
7020 7 9213
7020 8 7751
7047 0 7047
7047 1 11502
7047 2 8586
7047 3 7047
7047 4 7236
7047 5 7182
7047 6 9252
7047 7 7782
7047 8 7778
7130 0 7130
7130 1 12233
7130 2 8615
7130 3 7130
7130 4 7130
7130 5 7913
7130 6 7151
7130 7 7145
7130 8 7130
7145 0 7145
7145 1 12248
7145 2 8630
7145 3 7145
7145 4 7145
7145 5 7928
7145 6 7145
7145 7 7145
7145 8 7145
7146 0 7146
7146 1 11521
7146 2 10791
7146 3 7146
7146 4 7146
7146 5 9387
7146 6 7146
7146 7 7153
7146 8 7151
7151 0 7151
7151 1 12254
7151 2 10796
7151 3 7151
7151 4 7151
7151 5 9392
7151 6 7151
7151 7 7151
7151 8 7151
7182 0 7182
7182 1 12285
7182 2 8641
7182 3 7182
7182 4 7182
7182 5 7182
7182 6 9387
7182 7 9375
7182 8 7913
7236 0 7236
7236 1 11613
7236 2 8703
7236 3 7236
7236 4 7236
7236 5 7236
7236 6 7983
7236 7 9429
7236 8 9425
7292 0 7292
7292 1 11675
7292 2 7292
7292 3 9965
7292 4 9641
7292 5 9533
7292 6 9497
7292 7 9485
7292 8 7292
7296 0 7296
7296 1 11751
7296 2 7296
7296 3 9969
7296 4 9645
7296 5 9537
7296 6 9501
7296 7 7296
7296 8 9485
7344 0 7344
7344 1 11799
7344 2 7344
7344 3 10017
7344 4 9693
7344 5 7344
7344 6 9549
7344 7 9537
7344 8 9533
7346 0 7346
7346 1 11729
7346 2 7346
7346 3 10019
7346 4 9695
7346 5 7346
7346 6 9551
7346 7 9539
7346 8 7346
7350 0 7350
7350 1 11805
7350 2 7350
7350 3 10023
7350 4 9699
7350 5 7350
7350 6 9555
7350 7 7350
7350 8 9539
7362 0 7362
7362 1 11817
7362 2 7362
7362 3 10035
7362 4 9711
7362 5 7362
7362 6 7362
7362 7 9555
7362 8 9551
7454 0 7454
7454 1 11831
7454 2 7454
7454 3 10127
7454 4 7454
7454 5 9695
7454 6 9659
7454 7 9647
7454 8 7454
7470 0 7470
7470 1 11847
7470 2 7470
7470 3 10143
7470 4 7470
7470 5 9711
7470 6 7470
7470 7 9663
7470 8 9659
7751 0 7751
7751 1 12134
7751 2 7751
7751 3 7751
7751 4 7751
7751 5 7751
7751 6 9956
7751 7 9944
7751 8 7751
7767 0 7767
7767 1 12144
7767 2 7767
7767 3 7767
7767 4 7767
7767 5 7767
7767 6 7767
7767 7 9960
7767 8 9956
7778 0 7778
7778 1 12233
7778 2 7778
7778 3 7778
7778 4 10127
7778 5 10019
7778 6 9983
7778 7 9971
7778 8 7778
7782 0 7782
7782 1 12237
7782 2 7782
7782 3 7782
7782 4 10131
7782 5 10023
7782 6 9987
7782 7 7782
7782 8 9971
7913 0 7913
7913 1 12296
7913 2 7913
7913 3 7913
7913 4 7913
7913 5 7913
7913 6 10118
7913 7 10106
7913 8 7913
7917 0 7917
7917 1 12300
7917 2 7917
7917 3 7917
7917 4 7917
7917 5 7917
7917 6 10122
7917 7 7917
7917 8 10106
7929 0 7929
7929 1 12304
7929 2 7929
7929 3 7929
7929 4 7929
7929 5 7929
7929 6 7929
7929 7 10122
7929 8 10118
7983 0 7983
7983 1 12358
7983 2 7983
7983 3 7983
7983 4 7983
7983 5 7983
7983 6 7983
7983 7 10176
7983 8 10172
8190 0 8190
8190 1 12807
8190 2 8190
8190 3 8703
8190 4 8190
8190 5 8487
8190 6 8190
8190 7 8439
8190 8 8435
8262 0 8262
8262 1 12717
8262 2 8262
8262 3 8262
8262 4 8433
8262 5 8325
8262 6 8361
8262 7 8349
8262 8 8291
8291 0 8291
8291 1 12746
8291 2 8291
8291 3 8291
8291 4 8462
8291 5 8291
8291 6 8390
8291 7 8378
8291 8 8291
8349 0 8349
8349 1 12750
8349 2 8349
8349 3 8349
8349 4 8349
8349 5 8412
8349 6 8394
8349 7 8349
8349 8 8378
8361 0 8361
8361 1 12762
8361 2 8361
8361 3 8361
8361 4 8361
8361 5 8416
8361 6 8361
8361 7 8394
8361 8 8390
8586 0 8586
8586 1 12961
8586 2 8586
8586 3 8586
8586 4 8586
8586 5 8641
8586 6 10791
8586 7 8593
8586 8 8615
8615 0 8615
8615 1 12998
8615 2 8615
8615 3 8615
8615 4 8615
8615 5 8615
8615 6 8636
8615 7 8630
8615 8 8615
8630 0 8630
8630 1 13004
8630 2 8630
8630 3 8630
8630 4 8630
8630 5 8630
8630 6 8630
8630 7 8630
8630 8 8630
8636 0 8636
8636 1 13010
8636 2 8636
8636 3 8636
8636 4 8636
8636 5 8636
8636 6 8636
8636 7 8636
8636 8 8636
8703 0 8703
8703 1 13080
8703 2 8703
8703 3 8703
8703 4 8703
8703 5 8703
8703 6 8703
8703 7 10896
8703 8 10892
8766 0 8766
8766 1 8766
8766 2 10305
8766 3 9981
8766 4 9657
8766 5 9549
8766 6 8766
8766 7 9501
8766 8 9497
8827 0 8827
8827 1 8827
8827 2 10366
8827 3 10042
8827 4 9718
8827 5 8827
8827 6 8827
8827 7 8827
8827 8 8827
8910 0 8910
8910 1 8910
8910 2 10377
8910 3 10125
8910 4 8910
8910 5 9693
8910 6 9657
8910 7 9645
8910 8 9641
8916 0 8916
8916 1 8916
8916 2 10383
8916 3 10131
8916 4 8916
8916 5 9699
8916 6 9663
8916 7 8916
8916 8 9647
8927 0 8927
8927 1 8927
8927 2 10628
8927 3 10142
8927 4 8927
8927 5 9710
8927 6 8927
8927 7 8927
8927 8 8927
9213 0 9213
9213 1 9213
9213 2 10680
9213 3 9213
9213 4 9213
9213 5 9213
9213 6 9960
9213 7 9213
9213 8 9944
9234 0 9234
9234 1 9234
9234 2 10773
9234 3 9234
9234 4 10125
9234 5 10017
9234 6 9981
9234 7 9969
9234 8 9965
9252 0 9252
9252 1 9252
9252 2 10791
9252 3 9252
9252 4 10143
9252 5 10035
9252 6 9252
9252 7 9987
9252 8 9983
9259 0 9259
9259 1 9259
9259 2 10798
9259 3 9259
9259 4 10150
9259 5 10042
9259 6 9259
9259 7 9259
9259 8 9259
9375 0 9375
9375 1 9375
9375 2 10834
9375 3 9375
9375 4 9375
9375 5 9375
9375 6 10122
9375 7 9375
9375 8 10106
9387 0 9387
9387 1 9387
9387 2 10848
9387 3 9387
9387 4 9387
9387 5 9387
9387 6 9387
9387 7 10122
9387 8 10118
9425 0 9425
9425 1 9425
9425 2 10892
9425 3 9425
9425 4 9425
9425 5 9425
9425 6 10172
9425 7 10160
9425 8 9425
9429 0 9429
9429 1 9429
9429 2 10896
9429 3 9429
9429 4 9429
9429 5 9429
9429 6 10176
9429 7 9429
9429 8 10160
9440 0 9440
9440 1 9440
9440 2 10898
9440 3 9440
9440 4 9440
9440 5 9440
9440 6 9440
9440 7 9440
9440 8 9440
10305 0 10305
10305 1 10305
10305 2 10305
10305 3 10818
10305 4 10305
10305 5 10362
10305 6 10305
10305 7 10312
10305 8 10310
10377 0 10377
10377 1 10377
10377 2 10377
10377 3 10890
10377 4 10377
10377 5 10674
10377 6 10377
10377 7 10626
10377 8 10622
10383 0 10383
10383 1 10383
10383 2 10383
10383 3 10896
10383 4 10383
10383 5 10680
10383 6 10383
10383 7 10383
10383 8 10628
10412 0 10412
10412 1 10412
10412 2 10412
10412 3 10898
10412 4 10412
10412 5 10412
10412 6 10412
10412 7 10412
10412 8 10412
10736 0 10736
10736 1 10736
10736 2 10736
10736 3 10736
10736 4 10898
10736 5 10736
10736 6 10736
10736 7 10736
10736 8 10736
10773 0 10773
10773 1 10773
10773 2 10773
10773 3 10773
10773 4 10773
10773 5 10830
10773 6 10818
10773 7 10780
10773 8 10778
10791 0 10791
10791 1 10791
10791 2 10791
10791 3 10791
10791 4 10791
10791 5 10848
10791 6 10791
10791 7 10798
10791 8 10796
10818 0 10818
10818 1 10818
10818 2 10818
10818 3 10818
10818 4 10818
10818 5 10818
10818 6 10818
10818 7 10825
10818 8 10823
10890 0 10890
10890 1 10890
10890 2 10890
10890 3 10890
10890 4 10890
10890 5 10890
10890 6 10890
10890 7 10897
10890 8 10895
10892 0 10892
10892 1 10892
10892 2 10892
10892 3 10892
10892 4 10892
10892 5 10892
10892 6 10892
10892 7 10898
10892 8 10892
10896 0 10896
10896 1 10896
10896 2 10896
10896 3 10896
10896 4 10896
10896 5 10896
10896 6 10896
10896 7 10896
10896 8 10898
10935 0 10935
10935 1 10935
10935 2 12636
10935 3 11502
10935 4 11100
10935 5 10998
10935 6 11034
10935 7 11022
10935 8 11018
10998 0 10998
10998 1 10998
10998 2 12699
10998 3 11565
10998 4 11403
10998 5 10998
10998 6 10998
10998 7 11247
10998 8 11729
11018 0 11018
11018 1 11018
11018 2 12503
11018 3 12233
11018 4 11018
11018 5 11801
11018 6 11039
11018 7 11033
11018 8 11018
11022 0 11022
11022 1 11022
11022 2 12723
11022 3 12237
11022 4 11022
11022 5 11805
11022 6 11041
11022 7 11022
11022 8 11033
11033 0 11033
11033 1 11033
11033 2 12734
11033 3 12248
11033 4 11033
11033 5 11816
11033 6 11033
11033 7 11033
11033 8 11033
11034 0 11034
11034 1 11034
11034 2 12735
11034 3 11521
11034 4 11034
11034 5 11089
11034 6 11034
11034 7 11041
11034 8 11039
11039 0 11039
11039 1 11039
11039 2 12524
11039 3 12254
11039 4 11039
11039 5 11822
11039 6 11039
11039 7 11039
11039 8 11039
11100 0 11100
11100 1 11100
11100 2 12567
11100 3 11613
11100 4 11100
11100 5 11397
11100 6 11847
11100 7 11100
11100 8 11831
11178 0 11178
11178 1 11178
11178 2 12717
11178 3 11178
11178 4 11349
11178 5 11313
11178 6 11277
11178 7 11265
11178 8 11261
11261 0 11261
11261 1 11261
11261 2 12746
11261 3 11261
11261 4 11261
11261 5 11324
11261 6 11306
11261 7 11294
11261 8 11261
11265 0 11265
11265 1 11265
11265 2 12750
11265 3 11265
11265 4 11265
11265 5 12048
11265 6 11310
11265 7 11265
11265 8 11294
11277 0 11277
11277 1 11277
11277 2 12762
11277 3 11277
11277 4 11277
11277 5 11332
11277 6 11277
11277 7 11310
11277 8 11306
11313 0 11313
11313 1 11313
11313 2 12780
11313 3 11313
11313 4 11313
11313 5 11313
11313 6 11332
11313 7 12048
11313 8 11324
11397 0 11397
11397 1 11397
11397 2 12864
11397 3 11397
11397 4 11397
11397 5 11397
11397 6 12144
11397 7 11397
11397 8 11408
11502 0 11502
11502 1 11502
11502 2 12961
11502 3 11502
11502 4 11502
11502 5 12285
11502 6 11521
11502 7 12237
11502 8 12233
11565 0 11565
11565 1 11565
11565 2 13024
11565 3 11565
11565 4 11565
11565 5 11565
11565 6 11565
11565 7 12300
11565 8 12296
11613 0 11613
11613 1 11613
11613 2 13080
11613 3 11613
11613 4 11613
11613 5 11613
11613 6 12360
11613 7 11613
11613 8 12344
11675 0 11675
11675 1 11675
11675 2 11675
11675 3 12242
11675 4 12080
11675 5 11972
11675 6 11675
11675 7 11924
11675 8 11675
11729 0 11729
11729 1 11729
11729 2 11729
11729 3 12296
11729 4 12134
11729 5 11729
11729 6 11729
11729 7 11978
11729 8 11729
11751 0 11751
11751 1 11751
11751 2 11751
11751 3 12264
11751 4 11751
11751 5 12048
11751 6 11770
11751 7 11751
11751 8 11762
11799 0 11799
11799 1 11799
11799 2 11799
11799 3 12294
11799 4 11799
11799 5 11799
11799 6 11818
11799 7 12048
11799 8 11810
11801 0 11801
11801 1 11801
11801 2 11801
11801 3 12296
11801 4 11801
11801 5 11801
11801 6 11822
11801 7 11816
11801 8 11801
11805 0 11805
11805 1 11805
11805 2 11805
11805 3 12300
11805 4 11805
11805 5 11805
11805 6 11824
11805 7 11805
11805 8 11816
11817 0 11817
11817 1 11817
11817 2 11817
11817 3 12304
11817 4 11817
11817 5 11817
11817 6 11817
11817 7 11824
11817 8 11822
11822 0 11822
11822 1 11822
11822 2 11822
11822 3 12308
11822 4 11822
11822 5 11822
11822 6 11822
11822 7 11822
11822 8 11822
11831 0 11831
11831 1 11831
11831 2 11831
11831 3 12344
11831 4 11831
11831 5 12128
11831 6 12092
11831 7 11831
11831 8 11831
11847 0 11847
11847 1 11847
11847 2 11847
11847 3 12360
11847 4 11847
11847 5 12144
11847 6 11847
11847 7 11847
11847 8 12092
12048 0 12048
12048 1 12048
12048 2 12048
12048 3 12048
12048 4 12048
12048 5 12048
12048 6 12067
12048 7 12048
12048 8 12059
12092 0 12092
12092 1 12092
12092 2 12092
12092 3 12092
12092 4 12092
12092 5 12146
12092 6 12092
12092 7 12092
12092 8 12092
12128 0 12128
12128 1 12128
12128 2 12128
12128 3 12128
12128 4 12128
12128 5 12128
12128 6 12146
12128 7 12128
12128 8 12128
12144 0 12144
12144 1 12144
12144 2 12144
12144 3 12144
12144 4 12144
12144 5 12144
12144 6 12144
12144 7 12144
12144 8 12146
12233 0 12233
12233 1 12233
12233 2 12233
12233 3 12233
12233 4 12233
12233 5 12296
12233 6 12254
12233 7 12248
12233 8 12233
12237 0 12237
12237 1 12237
12237 2 12237
12237 3 12237
12237 4 12237
12237 5 12300
12237 6 12256
12237 7 12237
12237 8 12248
12254 0 12254
12254 1 12254
12254 2 12254
12254 3 12254
12254 4 12254
12254 5 12308
12254 6 12254
12254 7 12254
12254 8 12254
12264 0 12264
12264 1 12264
12264 2 12264
12264 3 12264
12264 4 12264
12264 5 12264
12264 6 12283
12264 7 12264
12264 8 12275
12285 0 12285
12285 1 12285
12285 2 12285
12285 3 12285
12285 4 12285
12285 5 12285
12285 6 12304
12285 7 12300
12285 8 12296
12344 0 12344
12344 1 12344
12344 2 12344
12344 3 12344
12344 4 12344
12344 5 12344
12344 6 12362
12344 7 12344
12344 8 12344
12360 0 12360
12360 1 12360
12360 2 12360
12360 3 12360
12360 4 12360
12360 5 12360
12360 6 12360
12360 7 12360
12360 8 12362
12474 0 12474
12474 1 12474
12474 2 12474
12474 3 12961
12474 4 12474
12474 5 12529
12474 6 12735
12474 7 12723
12474 8 12503
12503 0 12503
12503 1 12503
12503 2 12503
12503 3 12998
12503 4 12503
12503 5 12503
12503 6 12764
12503 7 12752
12503 8 12503
12524 0 12524
12524 1 12524
12524 2 12524
12524 3 13010
12524 4 12524
12524 5 12524
12524 6 12524
12524 7 12524
12524 8 12524
12567 0 12567
12567 1 12567
12567 2 12567
12567 3 13054
12567 4 12567
12567 5 12864
12567 6 12567
12567 7 12567
12567 8 12812
12636 0 12636
12636 1 12636
12636 2 12636
12636 3 12636
12636 4 12807
12636 5 12699
12636 6 12735
12636 7 12723
12636 8 12665
12665 0 12665
12665 1 12665
12665 2 12665
12665 3 12665
12665 4 12836
12665 5 12665
12665 6 12764
12665 7 12752
12665 8 12665
12717 0 12717
12717 1 12717
12717 2 12717
12717 3 12717
12717 4 12717
12717 5 12780
12717 6 12762
12717 7 12750
12717 8 12746
12723 0 12723
12723 1 12723
12723 2 12723
12723 3 12723
12723 4 12723
12723 5 12786
12723 6 12768
12723 7 12723
12723 8 12752
12735 0 12735
12735 1 12735
12735 2 12735
12735 3 12735
12735 4 12735
12735 5 12790
12735 6 12735
12735 7 12768
12735 8 12764
12998 0 12998
12998 1 12998
12998 2 12998
12998 3 12998
12998 4 12998
12998 5 12998
12998 6 12998
12998 7 13004
12998 8 12998
13080 0 13080
13080 1 13080
13080 2 13080
13080 3 13080
13080 4 13080
13080 5 13080
13080 6 13080
13080 7 13080
13080 8 13082
13203 0 13203
13203 1 18306
13203 2 16848
13203 3 13698
13203 4 13203
13203 5 15444
13203 6 13464
13203 7 13452
13203 8 15392
13452 0 13452
13452 1 18555
13452 2 14937
13452 3 13452
13452 4 13452
13452 5 14235
13452 6 13497
13452 7 13452
13452 8 13481
13464 0 13464
13464 1 17865
13464 2 17109
13464 3 13464
13464 4 13464
13464 5 15705
13464 6 13464
13464 7 13497
13464 8 13493
13471 0 13471
13471 1 17872
13471 2 14956
13471 3 13471
13471 4 13471
13471 5 15712
13471 6 13471
13471 7 13471
13471 8 13471
13698 0 13698
13698 1 18801
13698 2 17343
13698 3 13698
13698 4 13698
13698 5 15939
13698 6 13698
13698 7 14433
13698 8 15887
14148 0 14148
14148 1 18603
14148 2 14148
14148 3 14148
14148 4 14311
14148 5 14148
14148 6 14247
14148 7 14235
14148 8 14231
14231 0 14231
14231 1 18614
14231 2 14231
14231 3 14231
14231 4 14231
14231 5 14231
14231 6 14252
14231 7 14246
14231 8 14231
14235 0 14235
14235 1 18618
14235 2 14235
14235 3 14235
14235 4 14235
14235 5 14235
14235 6 14254
14235 7 14235
14235 8 14246
14247 0 14247
14247 1 18624
14247 2 14247
14247 3 14247
14247 4 14247
14247 5 14247
14247 6 14247
14247 7 14254
14247 8 14252
14252 0 14252
14252 1 18626
14252 2 14252
14252 3 14252
14252 4 14252
14252 5 14252
14252 6 14252
14252 7 14252
14252 8 14252
14254 0 14254
14254 1 18628
14254 2 14254
14254 3 14254
14254 4 14254
14254 5 14254
14254 6 14254
14254 7 14254
14254 8 14254
14311 0 14311
14311 1 18688
14311 2 14311
14311 3 14311
14311 4 14311
14311 5 14311
14311 6 16516
14311 7 16504
14311 8 14311
15324 0 15324
15324 1 15324
15324 2 16863
15324 3 15891
15324 4 15487
15324 5 15459
15324 6 15324
15324 7 15324
15324 8 15407
15392 0 15392
15392 1 15392
15392 2 16877
15392 3 15887
15392 4 15392
15392 5 16175
15392 6 15413
15392 7 15407
15392 8 15392
15407 0 15407
15407 1 15407
15407 2 16892
15407 3 16622
15407 4 15407
15407 5 16190
15407 6 15407
15407 7 15407
15407 8 15407
15444 0 15444
15444 1 15444
15444 2 16905
15444 3 15939
15444 4 15444
15444 5 15444
15444 6 15465
15444 7 15459
15444 8 16175
15459 0 15459
15459 1 15459
15459 2 16918
15459 3 16674
15459 4 15459
15459 5 15459
15459 6 15459
15459 7 15459
15459 8 16190
15487 0 15487
15487 1 15487
15487 2 17188
15487 3 16000
15487 4 15487
15487 5 15784
15487 6 15487
15487 7 15487
15487 8 15487
15577 0 15577
15577 1 15577
15577 2 17116
15577 3 15577
15577 4 16468
15577 5 16360
15577 6 15577
15577 7 15577
15577 8 15577
15705 0 15705
15705 1 15705
15705 2 17166
15705 3 15705
15705 4 15705
15705 5 15705
15705 6 15705
15705 7 15712
15705 8 15710
15712 0 15712
15712 1 15712
15712 2 17170
15712 3 15712
15712 4 15712
15712 5 15712
15712 6 15712
15712 7 15712
15712 8 15712
15784 0 15784
15784 1 15784
15784 2 17242
15784 3 15784
15784 4 15784
15784 5 15784
15784 6 15784
15784 7 15784
15784 8 15784
15887 0 15887
15887 1 15887
15887 2 17348
15887 3 15887
15887 4 15887
15887 5 16670
15887 6 15887
15887 7 16622
15887 8 15887
15891 0 15891
15891 1 15891
15891 2 17376
15891 3 15891
15891 4 15891
15891 5 16674
15891 6 15891
15891 7 15891
15891 8 16622
15939 0 15939
15939 1 15939
15939 2 17400
15939 3 15939
15939 4 15939
15939 5 15939
15939 6 15939
15939 7 16674
15939 8 16670
16000 0 16000
16000 1 16000
16000 2 17458
16000 3 16000
16000 4 16000
16000 5 16000
16000 6 16000
16000 7 16000
16000 8 16000
16175 0 16175
16175 1 16175
16175 2 16175
16175 3 16670
16175 4 16175
16175 5 16175
16175 6 16196
16175 7 16190
16175 8 16175
16360 0 16360
16360 1 16360
16360 2 16360
16360 3 16360
16360 4 16522
16360 5 16360
16360 6 16360
16360 7 16360
16360 8 16360
16468 0 16468
16468 1 16468
16468 2 16468
16468 3 16468
16468 4 16468
16468 5 16522
16468 6 16468
16468 7 16468
16468 8 16468
16504 0 16504
16504 1 16504
16504 2 16504
16504 3 16504
16504 4 16504
16504 5 16504
16504 6 16522
16504 7 16504
16504 8 16504
16516 0 16516
16516 1 16516
16516 2 16516
16516 3 16516
16516 4 16516
16516 5 16516
16516 6 16516
16516 7 16522
16516 8 16516
16848 0 16848
16848 1 16848
16848 2 16848
16848 3 17337
16848 4 16848
16848 5 16905
16848 6 17109
16848 7 17097
16848 8 16877
16863 0 16863
16863 1 16863
16863 2 16863
16863 3 17376
16863 4 16863
16863 5 16918
16863 6 16863
16863 7 16863
16863 8 16892
16877 0 16877
16877 1 16877
16877 2 16877
16877 3 17366
16877 4 16877
16877 5 16877
16877 6 17138
16877 7 17126
16877 8 16877
16892 0 16892
16892 1 16892
16892 2 16892
16892 3 17378
16892 4 16892
16892 5 16892
16892 6 16892
16892 7 16892
16892 8 16892
16903 0 16903
16903 1 16903
16903 2 16903
16903 3 17392
16903 4 16903
16903 5 16903
16903 6 16924
16903 7 17152
16903 8 16903
16918 0 16918
16918 1 16918
16918 2 16918
16918 3 17404
16918 4 16918
16918 5 16918
16918 6 16918
16918 7 16918
16918 8 16918
17080 0 17080
17080 1 17080
17080 2 17080
17080 3 17080
17080 4 17242
17080 5 17080
17080 6 17080
17080 7 17080
17080 8 17080
17097 0 17097
17097 1 17097
17097 2 17097
17097 3 17097
17097 4 17097
17097 5 17152
17097 6 17142
17097 7 17097
17097 8 17126
17109 0 17109
17109 1 17109
17109 2 17109
17109 3 17109
17109 4 17109
17109 5 17166
17109 6 17109
17109 7 17142
17109 8 17138
17116 0 17116
17116 1 17116
17116 2 17116
17116 3 17116
17116 4 17116
17116 5 17170
17116 6 17116
17116 7 17116
17116 8 17116
17152 0 17152
17152 1 17152
17152 2 17152
17152 3 17152
17152 4 17152
17152 5 17152
17152 6 17170
17152 7 17152
17152 8 17152
17188 0 17188
17188 1 17188
17188 2 17188
17188 3 17188
17188 4 17188
17188 5 17242
17188 6 17188
17188 7 17188
17188 8 17188
17343 0 17343
17343 1 17343
17343 2 17343
17343 3 17343
17343 4 17343
17343 5 17400
17343 6 17343
17343 7 17376
17343 8 17348
17376 0 17376
17376 1 17376
17376 2 17376
17376 3 17376
17376 4 17376
17376 5 17376
17376 6 17376
17376 7 17376
17376 8 17378
18306 0 18306
18306 1 18306
18306 2 18306
18306 3 18801
18306 4 18306
18306 5 18369
18306 6 18567
18306 7 18555
18306 8 18551
18551 0 18551
18551 1 18551
18551 2 18551
18551 3 18551
18551 4 18551
18551 5 18614
18551 6 18596
18551 7 18584
18551 8 18551
18555 0 18555
18555 1 18555
18555 2 18555
18555 3 18555
18555 4 18555
18555 5 18618
18555 6 18600
18555 7 18555
18555 8 18584
18567 0 18567
18567 1 18567
18567 2 18567
18567 3 18567
18567 4 18567
18567 5 18624
18567 6 18567
18567 7 18600
18567 8 18596
18603 0 18603
18603 1 18603
18603 2 18603
18603 3 18603
18603 4 18603
18603 5 18603
18603 6 18624
18603 7 18618
18603 8 18614
18624 0 18624
18624 1 18624
18624 2 18624
18624 3 18624
18624 4 18624
18624 5 18624
18624 6 18624
18624 7 18624
18624 8 18626
18688 0 18688
18688 1 18688
18688 2 18688
18688 3 18688
18688 4 18688
18688 5 18688
18688 6 18706
18688 7 18688
18688 8 18688
